2 0.885 0.4705093833780161 0.19 0.13941018766756033
0 0.7235 0.10723860589812333 0.113 0.11796246648793565
0 0.598 0.4597855227882038 0.034 0.14209115281501342
0 0.20400000000000001 0.48726541554959785 0.054 0.0871313672922252
3 0.5875 0.8009383378016086 0.07100000000000001 0.1353887399463807
3 0.7005 0.8753351206434317 0.101 0.07238605898123325
3 0.459 0.7794906166219839 0.07200000000000001 0.09517426273458446
3 0.58 0.7989276139410187 0.092 0.10455764075067024
3 0.8385 0.829088471849866 0.08700000000000001 0.04691689008042896
3 0.9460000000000001 0.8264075067024129 0.08 0.04155495978552279
3 0.154 0.6260053619302949 0.042 0.10187667560321716
1 0.7305 0.15214477211796246 0.081 0.11126005361930295
