0 0.3942857142857143 0.2858990944372575 0.07428571428571429 0.09831824062095731
0 0.6233333333333333 0.2994825355756792 0.05047619047619047 0.040103492884864166
0 0.7271428571428571 0.3473479948253558 0.06 0.08408796895213455
1 0.6223809523809524 0.3389391979301423 0.037142857142857144 0.03622250970245796
1 0.7357142857142858 0.38357050452781377 0.035238095238095235 0.05562742561448901
1 0.3738095238095238 0.3479948253557568 0.06571428571428571 0.13454075032341528
2 0.6295238095238095 0.42238033635187583 0.08 0.1513583441138422
2 0.8261904761904761 0.4184993531694696 0.17238095238095238 0.1720569210866753
2 0.3161904761904762 0.41526520051746446 0.1657142857142857 0.23803363518758086
3 0.5785714285714286 0.6869340232858991 0.06 0.03622250970245796
3 0.6385714285714286 0.6946959896507116 0.03142857142857143 0.0388098318240621
3 0.8004761904761905 0.7807244501940492 0.08666666666666667 0.06597671410090557
3 0.8919047619047619 0.77490297542044 0.06952380952380953 0.0517464424320828
3 0.3819047619047619 0.7529107373868047 0.0838095238095238 0.04915912031047866
3 0.2480952380952381 0.7781371280724451 0.04857142857142857 0.06080206985769729
