0 0.3335 0.3607784431137725 0.115 0.14670658682634732
0 0.40950000000000003 0.37350299401197606 0.039 0.04341317365269461
0 0.626 0.33682634730538924 0.03 0.035928143712574856
0 0.746 0.5142215568862276 0.076 0.1032934131736527
1 0.342 0.4453592814371258 0.058 0.12125748502994013
1 0.7395 0.5988023952095809 0.061 0.07784431137724551
3 0.7835 0.81437125748503 0.045 0.0688622754491018
3 0.28300000000000003 0.9124251497005988 0.116 0.13023952095808383
3 0.2275 0.842814371257485 0.051000000000000004 0.07185628742514971
3 0.6795 0.7821856287425151 0.079 0.055389221556886234
3 0.6345000000000001 0.6010479041916168 0.019 0.02245508982035928
3 0.6165 0.5995508982035929 0.017 0.02245508982035928
