0 0.742 0.22959889349930845 0.156 0.19363762102351315
0 0.3645 0.3561549100968188 0.08700000000000001 0.10650069156293224
0 0.16 0.38658367911479946 0.11800000000000001 0.12309820193637622
1 0.737 0.3340248962655602 0.126 0.11756569847856156
1 0.36 0.4460580912863071 0.068 0.07053941908713693
1 0.157 0.4640387275242047 0.066 0.08160442600276625
2 0.092 0.6791147994467497 0.176 0.42323651452282157
2 0.35000000000000003 0.6369294605809129 0.17 0.355463347164592
2 0.768 0.648686030428769 0.23600000000000002 0.5255878284923928
0 0.454 0.764868603042877 0.098 0.1078838174273859
