1 0.6447761194029851 0.53 0.06567164179104477 0.1
1 0.8223880597014925 0.29333333333333333 0.06865671641791045 0.08
1 0.4671641791044776 0.33666666666666667 0.03880597014925373 0.07333333333333333
1 0.5701492537313433 0.2833333333333333 0.03582089552238806 0.060000000000000005
1 0.2880597014925373 0.3433333333333334 0.026865671641791045 0.060000000000000005
1 0.16716417910447762 0.4033333333333334 0.04776119402985075 0.07333333333333333
3 0.3567164179104478 0.8500000000000001 0.04477611940298507 0.11333333333333334
3 0.26865671641791045 0.89 0.03582089552238806 0.11333333333333334
3 0.48208955223880595 0.9600000000000001 0.03880597014925373 0.09333333333333334
3 0.5417910447761194 0.9733333333333334 0.026865671641791045 0.06666666666666667
3 0.03880597014925373 0.7066666666666667 0.03582089552238806 0.12000000000000001
