1 0.14327146171693736 0.24869565217391304 0.0568445475638051 0.06260869565217392
1 0.382830626450116 0.20173913043478262 0.05568445475638051 0.06260869565217392
1 0.9129930394431555 0.2 0.060324825986078884 0.06260869565217392
2 0.1345707656612529 0.40695652173913044 0.14153132250580047 0.2608695652173913
2 0.3863109048723898 0.38869565217391305 0.14153132250580047 0.31826086956521743
2 0.62122969837587 0.4017391304347826 0.10788863109048724 0.3095652173913044
2 0.7581206496519721 0.42695652173913046 0.21229698375870068 0.4608695652173913
2 0.929814385150812 0.3773913043478261 0.1334106728538283 0.2991304347826087
3 0.888631090487239 0.8582608695652174 0.06728538283062645 0.07478260869565218
3 0.9524361948955916 0.8660869565217392 0.06960556844547564 0.07652173913043478
