3 0.616 0.86328125 0.038 0.06640625
3 0.651 0.9189453125 0.036000000000000004 0.072265625
3 0.707 0.8779296875 0.044 0.048828125
3 0.7145 0.8017578125 0.051000000000000004 0.052734375
3 0.7925 0.783203125 0.037 0.0625
3 0.8220000000000001 0.822265625 0.026000000000000002 0.0703125
3 0.9745 0.869140625 0.029 0.09375
3 0.405 0.91796875 0.032 0.0625
3 0.444 0.8076171875 0.03 0.064453125
3 0.49 0.771484375 0.028 0.046875
3 0.537 0.71875 0.02 0.05078125
2 0.8290000000000001 0.484375 0.084 0.1875
2 0.9835 0.4404296875 0.037 0.130859375
2 0.0145 0.474609375 0.027 0.17578125
2 0.084 0.376953125 0.05 0.11328125
2 0.1565 0.447265625 0.069 0.1796875
2 0.249 0.4345703125 0.064 0.185546875
2 0.3435 0.4951171875 0.063 0.162109375
2 0.4235 0.4833984375 0.079 0.173828125
2 0.519 0.474609375 0.062 0.1484375
2 0.644 0.5595703125 0.10200000000000001 0.251953125
2 0.726 0.5283203125 0.07200000000000001 0.197265625
2 0.993 0.57421875 0.024 0.171875
2 0.8285 0.2841796875 0.035 0.064453125
2 0.7715 0.2822265625 0.035 0.076171875
2 0.708 0.3701171875 0.05 0.103515625
2 0.6495 0.4013671875 0.07100000000000001 0.103515625
2 0.5985 0.36328125 0.039 0.1328125
2 0.438 0.341796875 0.054 0.12109375
2 0.3945 0.35546875 0.045 0.0703125
2 0.28550000000000003 0.2587890625 0.027 0.064453125
2 0.4605 0.2216796875 0.023 0.033203125
2 0.526 0.275390625 0.028 0.0703125
2 0.663 0.2705078125 0.038 0.072265625
2 0.7020000000000001 0.255859375 0.024 0.046875
2 0.7325 0.2705078125 0.027 0.072265625
2 0.904 0.21484375 0.02 0.04296875
2 0.8140000000000001 0.234375 0.022 0.05078125
2 0.6815 0.2197265625 0.019 0.029296875
2 0.6645 0.21875 0.021 0.02734375
2 0.4535 0.28125 0.023 0.0390625
2 0.3995 0.2880859375 0.031 0.037109375
2 0.6940000000000001 0.2021484375 0.018000000000000002 0.029296875
2 0.6145 0.275390625 0.023 0.04296875
2 0.7715 0.1962890625 0.015 0.029296875
2 0.855 0.2138671875 0.016 0.037109375
2 0.9165 0.2080078125 0.011 0.037109375
2 0.7965 0.23046875 0.033 0.05078125
2 0.8135 0.2001953125 0.019 0.033203125
2 0.9785 0.21484375 0.015 0.0390625
2 0.9985 0.2109375 0.013000000000000001 0.0390625
2 0.9540000000000001 0.203125 0.016 0.03125
2 0.884 0.212890625 0.018000000000000002 0.03515625
2 0.833 0.2158203125 0.024 0.033203125
2 0.784 0.185546875 0.012 0.0234375
2 0.913 0.17578125 0.01 0.01953125
2 0.921 0.1826171875 0.008 0.021484375
2 0.7365 0.203125 0.015 0.0234375
2 0.7535000000000001 0.22265625 0.013000000000000001 0.0234375
2 0.5495 0.3173828125 0.035 0.103515625
2 0.5695 0.2578125 0.021 0.0390625
2 0.644 0.2646484375 0.028 0.068359375
2 0.8405 0.1865234375 0.007 0.021484375
2 0.8515 0.1806640625 0.009000000000000001 0.013671875
2 0.8905000000000001 0.1806640625 0.007 0.017578125
2 0.963 0.173828125 0.01 0.01953125
2 0.28 0.6611328125 0.10200000000000001 0.208984375
2 0.1205 0.4111328125 0.035 0.138671875
2 0.1695 0.3525390625 0.033 0.048828125
2 0.5795 0.337890625 0.017 0.12109375
2 0.87 0.21875 0.014 0.0390625
